10491763
10661407
10788334
11009181
11054569
11773892
12442272
1353340
14722929
15099351
15122708
15177686
15188772
15266215
16005363
16200390
16369751
16596970
17000021
17006606
17035713
1711760
17391797
17495183
17595233
17683901
18166824
18408250
18439317
18657397
18681856
19067809
19508969
19521089
19728177
19881468
20005218
20034406
20105310
20606392
20708777
20806042
21163864
21615796
21682595
22808010
24126708
2422478
24623966
24632946
24911645
24971338
25054547
25983002
27640183
27999109
28411266
28428256
28487437
28777492
7018927
7468724
7668252
7905839
8002973
8755918
9294109
9647766
9746003
15459183
15599941
15609295
16288197
17177139
17634480
18699851
20086182
24914936
27014915
27959382
28368537
28650467
15748645
16543197
16574712
16575011
17074608
18310445
19082493
19218574
19996135
20477932
24587916
24743235
28348168
28398555
30442153
16418600
16720068
16904497
17083016
17910065
18366737
18827003
20105280
20846357
25622904
26115410
28098423
15042318
15184369
15807692
16157158
17192049
18356633
19696792
20226780
20579626
22051099
22303482
23791840
26027517
28101574
15033202
15198485
16120104
17003357
17628794
19160446
19549709
19891556
20367983
22180037
24742750
26270232
28883039
29045486
15602202
16160878
16288199
16391785
17250663
17318851
17951029
19110214
19592582
19841052
21666969
21810259
25979836
27930654
28604678
16167916
16781314
16843501
17221831
17286451
17327131
19234905
19365571
19642243
19672862
20046642
20534142
28260110
28747658
16410744
17065198
17344330
18945288
19306381
22048266
24853300
26102294
26411452
27941998
30836660
15749661
15893386
17877751
18410548
18593936
19825989
20080916
21496008
24768818
25986755
28368423
28416580
28687665
29222418
15649253
16321363
16506214
16801510
18809400
23864035
24842192
27825100
27860244
28148288
15064320
15623763
17033686
17639754
19319147
19918264
20335448
21695597
21911891
28468941
15191352
15814629
16541406
17185386
18779591
19346865
19889778
20583543
20722491
20828385
24477591
28279980
28472177
28584052
15523499
15770495
15970799
16737910
16822828
17351238
18189233
18483878
18631865
18791947
19370764
20331935
21059483
24055495
27084744
18235024
19779499
19811499
20801104
21080147
21135151
22836123
25946186
27134166
27184800
27974047
28204828
16001362
16158428
16786513
17965424
18672102
18768591
20431083
21070631
22859398
27292643
28512644
28851297
15122711
15817013
17304550
18808529
20415560
20523265
20949073
20973483
21533187
23952588
25305591
27643404
15686794
15755837
15851735
18262054
18470323
18772193
19101703
19536134
20428796
21238926
21904390
24709919
27630165
28260077
28346429
15241482
17273972
17959715
18050247
18541230
19048115
19463742
24588023
26516699
26731607
27172902
27248656
28660748
15983230
16412238
18270997
18487244
19037252
19707748
20129423
21325775
21699520
22104738
25218136
28151486
15200408
16309808
18397285
18790087
20401977
20588063
20854438
21771880
24100257
25263533
27779699
28075473
28260056
15075188
15145918
15278670
15614572
15630069
15858223
15859361
15897593
15957009
16364460
16574713
16584858
16586083
16634859
16725121
16755009
16810074
16920333
17042910
17194457
17244258
17379047
17439425
17572393
17615423
17854040
17975693
18083142
18165598
18182964
18340638
18410508
18422462
18442015
18544179
18674790
18752389
18754075
18945509
18987260
19058010
19108278
19445921
19631624
19692487
19719056
19721134
19923525
20080983
20447294
20510337
20520283
20528871
20533999
20558148
20667451
20683499
21195121
23949582
24132704
24309294
24341598
24535067
24902786
24927617
